2.55022835306
4.70030557561
4.87980669136
6.15959636578
6.36271200206
6.426033763
6.62009856031
7.02109237854
7.2969479818
7.32599851667
7.34539055302
7.40728781741
7.42731534392
7.43909528307
7.45072706197
7.46522073416
7.49793372606
7.7345026241
7.81056576826
7.87474793142
7.93700621146
7.99175212631
8.0353835404
8.07831278821
8.11378623289
8.1491984878
8.21865502478
8.32145043862
8.45598940944
8.54026985471
8.67458799749
8.75735957234
8.82978528893
8.87649680655
8.93107501888
9.00487978994
9.06754021942
9.10900745802
9.15856909172
9.20192134213
9.24909196962
9.30068700344
9.35454353178
9.41624665983
9.46830718025
9.51274161861
9.55019576091
9.58961437762
9.61954453223
9.66300130387
9.72013049657
9.77701073897
9.82531411319
9.88219281426
9.94132510926
9.98818502691
10.0364340801
10.0782482904
10.1252234253
10.1732720947
10.2232485122
10.2700009714
10.3160994174
10.3600859513
10.4057645106
10.4459876224
10.4844358857
10.5211204028
10.5558584561
10.5742852825
